5000 15.18 15.54 15.22
6000 17.27 17.73 17.4
7000 20.47 21.03 19.92
8000 22.71 22.41 22.08
9000 24.95 24.82 24.94
10000 26.67 26.66 26.8
11000 29.57 29.92 29.71
12000 31.83 31.43 32.56
13000 34.8 34.85 34.82
14000 37.55 37.39 37.65
15000 38.97 39.0 39.29
16000 40.17 40.88 41.35
17000 46.76 45.51 46.27
18000 45.96 46.62 46.37
19000 48.92 49.85 49.38
20000 50.06 50.58 51.54
21000 54.36 55.07 53.52
22000 56.19 56.55 56.26
23000 57.82 57.76 58.56
24000 60.06 61.01 61.1
25000 64.29 64.46 64.52
26000 67.18 67.03 67.66
27000 67.59 67.31 67.45
28000 70.37 71.05 70.13
29000 75.45 74.93 75.21
30000 76.2 76.94 75.85
31000 77.41 77.36 78.22
32000 81.05 79.34 81.38
33000 83.35 83.67 83.53
34000 84.01 84.0 84.18
35000 86.61 87.8 87.9
36000 89.79 89.58 89.51
37000 92.08 92.72 92.35
38000 95.61 95.45 94.77
39000 97.01 98.25 97.74
40000 100.09 101.01 99.01
