5000 11.62 11.08 11.05 11.15 11.27
6000 12.58 12.56 12.8 12.55 12.7
7000 13.92 14.15 14.39 14.12 14.35
8000 15.51 15.62 15.68 15.54 15.4
9000 16.99 17.26 16.93 17.45 17.21
10000 18.71 18.83 18.72 18.94 18.71
11000 20.04 20.32 20.71 20.26 20.14
12000 21.93 21.74 22.0 21.57 21.7
13000 23.1 23.02 23.26 23.37 23.61
14000 24.79 24.44 25.34 24.62 24.91
15000 26.61 26.41 26.2 26.11 26.61
16000 27.66 28.83 28.48 28.42 27.78
17000 30.09 29.33 29.24 29.84 29.38
18000 30.88 31.52 31.4 31.31 30.47
19000 33.11 32.86 32.81 32.59 32.25
20000 33.96 33.91 33.92 33.83 33.63
21000 35.65 35.44 36.26 35.23 35.59
22000 37.02 37.04 37.43 37.24 37.89
23000 38.6 38.86 39.58 39.7 38.88
24000 40.63 40.31 40.78 40.29 40.62
25000 42.83 41.28 42.15 41.49 41.94
26000 44.15 43.5 43.61 43.39 43.24
27000 45.0 45.0 44.95 45.19 44.69
28000 47.12 47.1 46.74 47.57 47.79
29000 48.32 48.14 48.57 48.88 49.2
30000 49.55 49.27 49.67 49.9 49.56
31000 51.39 51.82 51.84 51.18 51.91
32000 52.6 53.69 53.2 52.7 53.56
33000 56.58 54.43 55.21 54.64 54.26
34000 55.75 55.04 56.31 56.51 56.72
35000 59.16 58.69 57.37 58.75 57.54
36000 58.63 60.15 59.23 59.5 59.46
37000 60.1 61.19 61.32 62.12 61.16
38000 62.84 63.24 61.88 62.21 62.32
39000 64.48 64.07 64.94 64.02 63.84
40000 65.98 67.58 65.87 65.84 66.06
