5000 11.08 11.05 11.15
6000 12.58 12.56 12.55
7000 14.15 14.12 14.35
8000 15.51 15.62 15.54
9000 16.99 16.93 17.21
10000 18.71 18.72 18.71
11000 20.32 20.26 20.14
12000 21.93 21.74 21.7
13000 23.1 23.02 23.26
14000 24.79 24.44 24.62
15000 26.61 26.41 26.61
16000 28.83 28.48 28.42
17000 29.33 29.24 29.38
18000 31.52 31.4 31.31
19000 32.86 32.81 32.59
20000 33.96 33.91 33.92
21000 35.65 35.44 35.59
22000 37.02 37.04 37.24
23000 38.6 38.86 38.88
24000 40.63 40.78 40.62
25000 41.28 41.49 41.94
26000 43.5 43.39 43.24
27000 45.0 45.0 44.95
28000 47.12 47.1 46.74
29000 48.32 48.14 48.57
30000 49.55 49.67 49.56
31000 51.82 51.84 51.91
32000 53.69 53.2 53.56
33000 54.43 54.64 54.26
34000 56.31 56.51 56.72
35000 58.69 58.75 57.54
36000 59.23 59.5 59.46
37000 61.19 61.32 61.16
38000 62.84 62.21 62.32
39000 64.48 64.07 64.02
40000 65.98 65.87 65.84
