5000 15.18 15.54 15.22 15.89 14.98
6000 18.69 17.27 17.73 17.4 18.25
7000 20.47 21.03 19.92 21.15 19.77
8000 22.71 22.41 23.76 22.08 21.88
9000 24.95 24.82 24.94 25.3 25.13
10000 26.67 27.34 27.24 26.66 26.8
11000 29.57 29.92 30.68 31.59 29.71
12000 33.32 31.83 32.73 31.43 32.56
13000 34.8 34.33 34.85 34.82 34.36
14000 37.55 36.98 36.09 37.39 37.65
15000 38.97 39.0 38.49 39.42 39.29
16000 40.17 40.88 41.88 43.26 41.35
17000 46.76 45.51 46.27 43.16 44.91
18000 45.96 46.62 46.89 46.37 46.93
19000 48.71 48.08 48.92 49.85 49.38
20000 50.06 52.29 50.58 51.54 49.46
21000 54.36 55.07 52.96 53.52 55.93
22000 55.17 56.19 56.55 55.98 56.26
23000 57.82 59.81 57.76 58.56 59.02
24000 62.78 61.87 60.06 61.01 61.1
25000 64.29 64.83 63.42 64.46 64.52
26000 65.86 67.18 66.64 67.03 67.66
27000 67.59 69.28 69.0 67.31 67.45
28000 69.6 70.37 69.59 71.05 70.13
29000 78.62 75.45 74.93 75.21 73.57
30000 75.22 76.2 76.94 73.67 75.85
31000 77.41 77.36 78.44 78.22 79.34
32000 81.05 77.96 79.34 81.38 78.65
33000 83.35 83.67 83.53 83.02 82.55
34000 86.3 84.01 84.0 83.32 84.18
35000 86.61 87.8 87.9 85.31 88.81
36000 91.42 89.79 89.24 89.58 89.51
37000 91.02 92.08 91.93 92.72 92.35
38000 95.61 95.45 93.87 97.03 94.77
39000 97.01 98.25 96.19 97.74 100.61
40000 97.89 98.44 100.09 101.01 99.01
