100 0.202241420746
121 0.237482869625
144 0.274608457088
169 0.314075434208
196 0.356438422203
225 0.394814312458
256 0.430365347862
289 0.469712626934
324 0.508007884026
361 0.541258406639
400 0.568832027912
441 0.600357341766
484 0.626566171646
529 0.65471521616
576 0.667852258682
625 0.688750839233
676 0.702064549923
729 0.713662981987
784 0.729122459888
841 0.746700716019
900 0.751493287086
961 0.759235227108
1024 0.762286090851
1089 0.763243913651
1156 0.785572659969
1225 0.782066726685
1296 0.81456091404
1369 0.821872055531
1444 0.835059940815
1521 0.855132675171
1600 0.839707410336
1681 0.888016951084
1764 0.883149802685
1849 0.906357729435
1936 0.911254036427
2025 0.925924360752
2116 0.945433056355
2209 0.963268089294
2304 0.979500329494
2401 0.997949540615
2500 1.02767431736
2601 1.03862577677
2704 1.06490260363
2809 1.08583031893
2916 1.11426502466
3025 1.1245005846
3136 1.13743308783
3249 1.13787366152
3364 1.18787515163
3481 1.23329766989
3600 1.28969855309
3721 1.27939500809
3844 1.30438742638
3969 1.33336162567
4096 1.3977575779
4225 1.41161931753
4356 1.45252919197
4489 1.46383014917
4624 1.50754675865
4761 1.56494822502
4900 1.59297275543
5041 1.69366886616
5184 1.72341663837
5329 1.74345017672
5476 1.75275470018
5625 1.73997089863
5776 1.84348348379
5929 1.94732481241
6084 1.62044450045
6241 1.83437690735
6400 1.87838349342
6561 2.03297270536
6724 1.92828910351
6889 1.96618150473
7056 2.11858382225
7225 2.05750243664
7396 2.06992359161
7569 2.12669249773
7744 2.04242231846
7921 2.35713373423
8100 2.20817576647
8281 2.43476822376
8464 2.34521347284
8649 2.27195681334
8836 2.43023608923
9025 2.46671522856
9216 2.61486543417
9409 2.59561314583
9604 2.74612511396
9801 2.66866044998
10000 2.74972089529
