100 0.226246476173
121 0.261581587791
144 0.299371492863
169 0.34144718647
196 0.383192932606
225 0.427901935577
256 0.468216252327
289 0.506950759888
324 0.541691303253
361 0.584604215622
400 0.620400643349
441 0.644228339195
484 0.671416628361
529 0.697513461113
576 0.716212797165
625 0.728418338299
676 0.750058507919
729 0.751612591743
784 0.765629088879
841 0.782111120224
900 0.773976969719
961 0.776369464397
1024 0.782183206081
1089 0.775770747662
1156 0.794334948063
1225 0.811960542202
1296 0.805442273617
1369 0.814023411274
1444 0.814774858952
1521 0.811607146263
1600 0.847791218758
1681 0.861179196835
1764 0.831688988209
1849 0.842000043392
1936 0.851121747494
2025 0.850674951077
2116 0.859324288368
2209 0.866709089279
2304 0.876520586014
2401 0.866443741322
2500 0.883474814892
2601 0.89487054348
2704 0.89167444706
2809 0.916162502766
2916 0.911873698235
3025 0.927051019669
3136 0.954437327385
3249 0.865363729
3364 0.951761555672
3481 0.98135420084
3600 1.00115574598
3721 0.945872163773
3844 0.990826261044
3969 0.998338198662
4096 1.02144671679
4225 1.04620203972
4356 1.08107653856
4489 1.07211278677
4624 1.06561243534
4761 1.14151208401
4900 1.1346337676
5041 1.20358138084
5184 1.21537736654
5329 1.18439155817
5476 1.21267249584
5625 1.1492706418
5776 1.26243237257
5929 1.19562410116
6084 1.37217469215
6241 1.29337176085
6400 1.17512942553
6561 1.26677691936
6724 1.25305944681
6889 1.1949403882
7056 1.22964887619
7225 1.23809258938
7396 1.22572095394
7569 1.26042776108
7744 1.15103598833
7921 1.44157497883
8100 1.26417980194
8281 1.46500861645
8464 1.35032008886
8649 1.22122730017
8836 1.38142094612
9025 1.42132151127
9216 1.47396833897
9409 1.37827976942
9604 1.35060716867
9801 1.37758309841
10000 1.35175169706
