100 0.240222465992
121 0.284727752209
144 0.326584804058
169 0.375241184235
196 0.422246336937
225 0.469304776192
256 0.514549398422
289 0.562045788765
324 0.614278078079
361 0.649203050137
400 0.682233381271
441 0.711326575279
484 0.749686801434
529 0.769834709167
576 0.798548352718
625 0.815191102028
676 0.830131053925
729 0.842848360538
784 0.860375189781
841 0.856474387646
900 0.867112076283
961 0.864574253559
1024 0.877214789391
1089 0.883920586109
1156 0.881080901623
1225 0.888922047615
1296 0.898495578766
1369 0.902493917942
1444 0.909102451801
1521 0.908285498619
1600 0.901860272884
1681 0.934172391891
1764 0.933623802662
1849 0.938035368919
1936 0.927596867085
2025 0.946350574493
2116 0.951256036758
2209 0.941100084782
2304 0.971946918964
2401 0.925834083557
2500 0.978461039066
2601 0.994739842415
2704 0.995354878902
2809 1.02566099167
2916 1.01342103481
3025 1.02201015949
3136 1.05034493208
3249 1.07496154308
3364 1.05737783909
3481 1.08237519264
3600 1.08014725447
3721 1.08937253952
3844 1.11247887611
3969 1.09317746162
4096 1.11325138807
4225 1.13788346052
4356 1.14371216297
4489 1.18271020651
4624 1.11530535221
4761 1.17880061865
4900 1.27090764046
5041 1.27123404741
5184 1.23510987759
5329 1.32282296419
5476 1.26266155243
5625 1.31297421455
5776 1.28617317677
5929 1.28255677223
6084 1.29771604538
6241 1.26418532133
6400 1.25211964846
6561 1.28612875938
6724 1.35052484274
6889 1.3348175168
7056 1.24602227211
7225 1.50032920837
7396 1.3708496809
7569 1.57386409044
7744 1.43172559738
7921 1.34539651871
8100 1.19482668638
8281 1.43756344318
8464 1.26480004787
8649 1.3722332716
8836 1.34890033007
9025 1.38903802633
9216 1.48006383181
9409 1.34714546204
9604 1.55682841539
9801 1.43338626623
10000 1.59058433771
