100 0.20150642395
121 0.232398426533
144 0.268543791771
169 0.309681200981
196 0.345152592659
225 0.386514472961
256 0.42381118536
289 0.457683265209
324 0.499541199207
361 0.529594087601
400 0.565743041039
441 0.593734741211
484 0.612760353088
529 0.64217042923
576 0.660423707962
625 0.682518494129
676 0.70322624445
729 0.71340174675
784 0.724935078621
841 0.743531131744
900 0.744651913643
961 0.755652606487
1024 0.773002433777
1089 0.779445755482
1156 0.791037404537
1225 0.787784671783
1296 0.813582861423
1369 0.841538369656
1444 0.848928523064
1521 0.850610458851
1600 0.89677863121
1681 0.909114277363
1764 0.918510711193
1849 0.916479098797
1936 0.943597245216
2025 0.95909807682
2116 0.977495539188
2209 0.992601490021
2304 1.01982735395
2401 1.04228304625
2500 1.07186831236
2601 1.09195421934
2704 1.11123046875
2809 1.14109973907
2916 1.17551567554
3025 1.20246677399
3136 1.25347048044
3249 1.23274769783
3364 1.32211956978
3481 1.32800074816
3600 1.37067797184
3721 1.37527707815
3844 1.44688721895
3969 1.47539746761
4096 1.5466149807
4225 1.57658609152
4356 1.62593535185
4489 1.64160341024
4624 1.70612075329
4761 1.77455605268
4900 1.81851104498
5041 1.94156910181
5184 1.97664994001
5329 2.00588467121
5476 2.02205739021
5625 2.02167693377
5776 2.15209627151
5929 2.2707236886
6084 1.94723633528
6241 2.1867726922
6400 2.21558490992
6561 2.40252326727
6724 2.31568347216
6889 2.37099903822
7056 2.53042054176
7225 2.48085706234
7396 2.52184232473
7569 2.55362695456
7744 2.45592166185
7921 2.84276198149
8100 2.70634746552
8281 2.93663452864
8464 2.85909417868
8649 2.89354460239
8836 3.02056947947
9025 2.9988509655
9216 3.20122884512
9409 3.11429377794
9604 3.31007168293
9801 3.23726166487
10000 3.22211567163
