0 0.013708
5 0.019818
10 0.025259
15 0.031361
20 0.037114
25 0.042910
30 0.048468
35 0.053942
40 0.059648
45 0.065171
50 0.070821
55 0.076574
60 0.082370
65 0.088293
70 0.094283
75 0.099875
80 0.107170
85 0.114423
90 0.121364
95 0.124861
100 0.130572
105 0.139311
110 0.142849
115 0.149244
120 0.155755
125 0.160879
130 0.164604
135 0.170365
140 0.175906
145 0.180553
150 0.185789
155 0.191079
160 0.196181
165 0.202414
170 0.208140
175 0.213466
180 0.220103
185 0.225313
190 0.230116
195 0.235961
200 0.242063
205 0.248053
210 0.253606
215 0.259197
220 0.264553
225 0.270912
230 0.276149
235 0.283501
240 0.287962
245 0.291477
250 0.298754
255 0.304539
260 0.311806
265 0.315662
270 0.322964
275 0.327137
280 0.333092
285 0.339086
290 0.344942
295 0.349781
