0 0.000877
5 0.003938
10 0.006830
15 0.011150
20 0.015215
25 0.019437
30 0.023566
35 0.027504
40 0.031824
45 0.035793
50 0.039880
55 0.044115
60 0.048364
65 0.052510
70 0.056560
75 0.060606
80 0.064760
85 0.069291
90 0.073372
95 0.077402
100 0.081613
105 0.085808
110 0.090182
115 0.094080
120 0.098434
125 0.102496
130 0.106443
135 0.110340
140 0.114957
145 0.118857
150 0.123067
155 0.127282
160 0.131434
165 0.135692
170 0.140027
175 0.143856
180 0.148320
185 0.152662
190 0.156973
195 0.160941
200 0.165206
205 0.169846
210 0.174114
215 0.177919
220 0.182012
225 0.186409
230 0.190995
235 0.194962
240 0.199515
245 0.203474
250 0.208015
255 0.212499
260 0.216903
265 0.220801
270 0.225782
275 0.230421
280 0.234980
285 0.239372
290 0.243900
295 0.253323
