0 0.012739
5 0.014630
10 0.015978
15 0.018446
20 0.021125
25 0.024728
30 0.028066
35 0.030695
40 0.033380
45 0.035957
50 0.039200
55 0.042421
60 0.044331
65 0.047109
70 0.050213
75 0.052782
80 0.055391
85 0.067568
90 0.067835
95 0.072942
100 0.074776
105 0.079025
110 0.081512
115 0.083685
120 0.087047
125 0.087951
130 0.091344
135 0.093981
140 0.095382
145 0.101885
150 0.102066
155 0.104491
160 0.107622
165 0.110966
170 0.114465
175 0.117373
180 0.120564
185 0.123775
190 0.126654
195 0.128869
200 0.132082
205 0.135195
210 0.138917
215 0.141914
220 0.145343
225 0.147890
230 0.151469
235 0.154537
240 0.157736
245 0.160596
250 0.163527
255 0.167659
260 0.170671
265 0.174079
270 0.177208
275 0.180906
280 0.184556
285 0.187510
290 0.190364
295 0.192808
