0 0.000897
5 0.000900
10 0.000934
15 0.001036
20 0.001001
25 0.001030
30 0.001068
35 0.001124
40 0.001211
45 0.001211
50 0.001257
55 0.001293
60 0.001333
65 0.001415
70 0.001402
75 0.001438
80 0.001450
85 0.001572
90 0.001542
95 0.001600
100 0.001647
105 0.001669
110 0.001735
115 0.001801
120 0.001811
125 0.001812
130 0.001884
135 0.001878
140 0.001944
145 0.001952
150 0.002061
155 0.002063
160 0.002068
165 0.002135
170 0.002186
175 0.002182
180 0.002251
185 0.002278
190 0.002312
195 0.002353
200 0.002386
205 0.002405
210 0.002466
215 0.002498
220 0.002486
225 0.002554
230 0.002612
235 0.002612
240 0.002640
245 0.002721
250 0.002718
255 0.002809
260 0.002849
265 0.002843
270 0.002901
275 0.002969
280 0.002952
285 0.003028
290 0.003047
295 0.003069
