0 0.013781
5 0.014634
10 0.015127
15 0.015603
20 0.016218
25 0.016684
30 0.017091
35 0.017779
40 0.018264
45 0.018984
50 0.019600
55 0.020084
60 0.020608
65 0.021169
70 0.021692
75 0.022058
80 0.022585
85 0.023402
90 0.023627
95 0.024408
100 0.024919
105 0.025582
110 0.026061
115 0.026635
120 0.026854
125 0.027690
130 0.028163
135 0.028845
140 0.029122
145 0.029841
150 0.030295
155 0.030908
160 0.031330
165 0.031985
170 0.032344
175 0.033064
180 0.033701
185 0.034266
190 0.034651
195 0.035051
200 0.035368
205 0.036168
210 0.036393
215 0.037150
220 0.037569
225 0.038236
230 0.038770
235 0.039442
240 0.039868
245 0.040494
250 0.040850
255 0.041346
260 0.041937
265 0.042554
270 0.042906
275 0.043591
280 0.044299
285 0.044800
290 0.045485
295 0.046026
