0 0.015484
5 0.017796
10 0.019275
15 0.020924
20 0.022623
25 0.024201
30 0.025733
35 0.027407
40 0.029117
45 0.030765
50 0.032393
55 0.033948
60 0.035672
65 0.037326
70 0.038835
75 0.040650
80 0.041738
85 0.043806
90 0.045476
95 0.046678
100 0.048737
105 0.050415
110 0.051901
115 0.053568
120 0.055019
125 0.056842
130 0.058226
135 0.060344
140 0.061683
145 0.063319
150 0.064874
155 0.066432
160 0.068025
165 0.069900
170 0.071105
175 0.072932
180 0.074398
185 0.076124
190 0.077436
195 0.079391
200 0.080790
205 0.082600
210 0.084091
215 0.085783
220 0.087097
225 0.089235
230 0.090814
235 0.092397
240 0.094299
245 0.095631
250 0.096805
255 0.098639
260 0.100020
265 0.101490
270 0.103377
275 0.104773
280 0.106279
285 0.108337
290 0.109637
295 0.111232
