2 22.881 23.173 23.865
3 30.252 32.142 30.529
4 40.092 39.279 39.018
5 49.198 49.515 49.237
6 56.993 56.902 57.225
7 67.012 66.451 66.877
8 78.108 80.244 78.158
9 79.226 79.238 79.204
10 96.292 91.939 91.851
11 99.642 99.603 99.635
12 105.519 103.777 104.657
13 111.890 110.480 110.463
14 122.758 126.234 121.683
15 150.790 135.031 136.532
16 143.094 143.258 139.721
17 147.637 147.508 147.403
18 148.603 149.064 151.297
19 169.509 167.996 165.124
20 174.583 175.725 181.044
21 182.998 186.622 184.651
22 192.177 183.983 190.925
23 200.739 196.213 199.086
24 206.099 206.538 206.470
25 211.031 214.296 214.830
26 220.509 220.548 223.062
27 244.182 233.641 235.398
28 245.457 246.157 242.467
29 247.203 243.271 243.302
30 252.557 256.674 253.037
31 284.083 271.395 268.398
32 277.340 272.557 275.865
33 287.759 289.901 288.752
34 278.031 275.473 275.293
35 300.806 301.705 313.837
36 298.706 300.136 296.725
37 312.140 315.770 319.020
38 318.528 318.870 319.112
39 333.275 336.586 338.106
40 340.830 334.836 341.025
41 357.606 355.516 354.896
42 355.521 360.212 358.295
43 363.424 365.896 375.856
44 373.470 367.410 362.784
45 387.043 399.580 383.446
46 398.339 389.611 389.687
47 398.956 403.420 407.695
48 402.987 403.611 398.108
49 410.665 410.661 421.183
50 414.002 420.594 433.777
