2 7.712 8.203 8.012
3 10.191 10.467 10.823
4 13.453 13.296 13.216
5 16.529 17.584 16.533
6 19.899 20.672 19.045
7 22.515 24.020 22.438
8 26.203 26.263 26.161
9 27.004 26.511 26.784
10 30.761 31.879 30.396
11 33.590 33.394 32.446
12 34.818 34.454 34.317
13 36.934 37.654 41.187
14 39.640 39.665 41.325
15 46.533 46.387 46.134
16 47.601 46.492 46.214
17 49.444 49.300 49.958
18 51.568 49.904 50.008
19 55.193 56.919 55.896
20 58.890 59.881 59.402
21 60.542 61.604 58.203
22 64.032 64.238 61.572
23 65.668 66.205 66.665
24 68.910 71.469 69.042
25 70.081 70.554 72.389
26 73.898 73.663 74.457
27 78.104 79.444 78.971
28 79.628 79.134 79.778
29 81.409 84.366 81.392
30 86.576 87.925 84.869
31 89.907 89.879 89.779
32 91.146 92.254 90.970
33 96.576 95.303 92.680
34 94.654 92.064 92.844
35 99.622 99.630 101.269
36 99.425 101.031 102.136
37 104.667 105.871 103.185
38 108.072 106.640 106.891
39 113.405 112.621 110.426
40 114.176 111.857 113.477
41 121.089 119.689 119.548
42 121.826 122.259 119.069
43 123.593 124.376 121.490
44 122.564 125.658 122.953
45 128.247 129.461 129.445
46 137.134 134.431 131.023
47 134.482 134.408 133.527
48 133.111 136.832 137.692
49 140.701 139.894 137.475
50 139.792 143.241 139.291
