2 15.247 15.591 15.588
3 22.454 20.538 20.476
4 25.852 26.369 27.853
5 32.894 33.396 34.886
6 37.873 38.005 39.876
7 44.917 48.046 47.867
8 53.570 52.714 53.525
9 56.722 52.859 52.870
10 61.327 60.716 61.346
11 66.545 64.785 67.233
12 69.739 69.246 70.418
13 73.661 73.724 74.855
14 80.180 79.140 79.068
15 92.231 93.436 96.353
16 96.078 93.472 95.012
17 103.432 98.577 99.004
18 99.194 99.470 97.769
19 116.176 108.310 110.125
20 116.319 117.041 116.505
21 122.267 116.203 118.750
22 124.544 126.753 123.759
23 131.452 132.708 131.188
24 139.318 139.115 140.043
25 139.730 141.847 142.084
26 149.014 148.622 146.686
27 155.803 154.994 155.843
28 159.057 157.707 160.267
29 165.923 162.361 164.340
30 168.642 169.566 172.333
31 179.166 179.266 179.955
32 181.693 184.521 184.252
33 186.224 188.095 186.194
34 188.821 185.569 183.907
35 198.806 204.599 198.628
36 199.129 203.811 205.728
37 211.254 210.091 211.623
38 217.288 214.427 212.397
39 228.581 223.695 223.757
40 228.393 222.370 222.531
41 236.168 237.248 247.082
42 237.209 236.538 241.832
43 242.273 247.205 243.206
44 247.023 247.562 252.721
45 256.228 258.419 261.370
46 259.910 262.157 269.195
47 266.517 270.362 267.837
48 265.572 267.742 268.694
49 274.112 274.012 277.963
50 281.372 280.943 276.810
