2 9.488 10.166 9.201
3 11.690 11.717 11.414
4 12.433 12.417 13.380
5 13.737 13.449 13.458
6 13.512 13.489 14.475
7 15.811 15.570 15.674
8 16.985 16.625 16.551
9 15.788 15.556 15.574
10 16.626 16.603 16.611
11 15.799 16.617 15.587
12 16.597 16.699 16.702
13 15.826 15.662 15.660
14 16.684 16.773 17.655
15 18.000 17.708 17.729
16 16.712 17.764 16.739
17 18.077 17.876 17.812
18 16.824 16.792 16.785
19 18.092 17.865 17.849
20 17.846 17.804 17.823
21 18.072 17.906 17.953
22 17.887 17.896 17.924
23 19.741 18.968 19.037
24 17.929 17.961 17.955
25 18.662 18.031 18.070
26 19.132 19.166 19.120
27 19.577 19.113 19.150
28 18.123 18.188 18.157
29 19.414 19.136 19.158
30 19.274 19.153 19.188
31 18.832 18.282 18.280
32 19.290 19.221 19.269
33 19.808 19.327 19.287
34 19.347 20.372 20.301
35 19.893 19.358 19.397
36 19.530 19.389 19.419
37 19.834 18.419 18.455
38 20.509 20.468 20.466
39 21.002 20.487 20.531
40 19.573 19.568 19.572
41 19.992 19.724 19.681
42 19.650 19.688 19.705
43 20.955 20.686 20.671
44 20.714 20.677 21.703
45 21.980 21.795 21.757
46 21.740 21.781 21.843
47 24.185 23.936 23.833
48 19.798 19.865 20.869
49 24.278 23.962 24.027
50 21.917 20.985 21.913
