2 26.279 26.332 26.295
3 31.198 29.565 29.545
4 35.569 34.610 34.584
5 38.351 37.619 38.671
6 39.659 37.680 39.757
7 44.462 42.751 42.768
8 46.181 45.851 45.806
9 44.441 43.951 43.769
10 44.774 45.795 43.810
11 43.358 43.780 42.880
12 45.864 46.858 45.860
13 44.403 42.854 43.840
14 45.851 45.883 45.936
15 49.538 48.932 48.903
16 48.015 47.939 48.029
17 48.724 49.059 47.979
18 45.072 45.998 46.057
19 48.586 48.063 49.089
20 47.089 47.130 47.033
21 47.667 48.105 48.078
22 47.114 47.134 47.151
23 51.739 51.253 51.204
24 46.148 47.238 47.231
25 48.869 48.526 48.234
26 53.324 52.424 51.256
27 50.837 51.371 51.384
28 46.341 47.391 47.374
29 50.610 50.313 50.447
30 52.425 52.454 52.417
31 50.823 49.427 49.466
32 51.513 52.523 52.524
33 50.982 50.550 50.486
34 52.554 52.521 52.706
35 51.957 51.547 52.658
36 53.634 51.652 53.725
37 51.093 50.679 49.745
38 52.838 52.748 52.745
39 54.989 53.687 54.776
40 51.762 50.781 51.867
41 52.108 52.924 51.906
42 52.980 52.961 53.968
43 56.224 56.014 55.974
44 56.959 56.070 57.082
45 57.300 56.005 57.012
46 57.119 58.054 58.074
47 63.480 63.237 64.242
48 53.148 52.987 52.181
49 64.688 63.507 64.450
50 57.315 56.191 56.231
