2 18.253 18.236 18.213
3 20.784 20.475 20.668
4 23.506 23.487 23.475
5 25.819 25.585 25.540
6 26.664 27.578 26.533
7 29.975 29.587 30.635
8 31.704 31.679 31.761
9 29.923 29.821 30.688
10 30.740 30.664 29.663
11 29.870 31.074 29.692
12 31.757 31.783 31.732
13 29.946 29.736 28.705
14 31.801 30.744 30.814
15 34.130 32.871 32.866
16 32.851 31.918 32.885
17 33.228 32.927 32.980
18 30.949 30.934 31.928
19 33.202 34.006 32.966
20 32.960 32.981 32.005
21 33.231 32.035 33.101
22 33.060 33.063 32.204
23 35.392 35.110 35.296
24 32.064 33.137 33.228
25 33.470 33.089 33.337
26 36.262 35.260 36.422
27 34.397 35.202 34.210
28 32.286 33.303 32.262
29 35.484 34.263 35.315
30 36.325 37.301 36.448
31 34.540 34.394 34.346
32 35.294 35.438 35.349
33 34.654 35.397 35.497
34 35.460 36.544 36.487
35 36.708 36.539 36.587
36 36.612 36.533 36.537
37 34.924 35.574 34.629
38 35.653 36.710 36.568
39 37.904 36.669 37.693
40 35.633 36.720 35.743
41 36.049 35.793 35.827
42 36.801 36.880 37.820
43 39.006 38.830 38.780
44 38.880 38.863 38.955
45 39.101 40.113 38.925
46 39.990 39.901 39.993
47 44.182 44.067 43.159
48 35.976 37.016 37.026
49 44.725 44.217 43.340
50 39.126 39.124 39.174
