1 34.9980213642	1 36.3385649522
2 36.5979576111	2 37.8044553598
3 40.0916717052	3 41.2813618978
4 44.6968166828	4 45.7729356289
5 47.0976509253	5 48.5511733691
6 51.0031263828	6 52.6058189074
7 53.0061130524	7 54.2927773794
8 56.9856740634	8 58.3867782752
9 57.8619080385	9 59.4434790611
10 59.1422148546	10 60.0769566695
11 62.8939167658	11 63.8088603814
12 66.1740423838	12 67.345568339
13 69.5888765653	13 71.0219780604
14 39.452300628	14 40.5175193946
15 9.81980601947	15 9.96999327342
16 10.1219320297	16 10.2611149947
17 10.3594040076	17 10.5464076996
18 10.6940494378	18 10.8370733261
19 11.027678887	19 11.2021596432
20 9.09549768766	20 9.27681962649
21 7.16989930471	21 7.27267829577
22 5.38450598717	22 5.4530266126
23 4.94868270556	23 5.01990803083
24 4.1995490392	24 4.23026601473
25 4.24332968394	25 4.28368544579
26 4.3077147007	26 4.36265563965
27 4.3912970225	27 4.42511693637
28 4.39898769061	28 4.80185834567
29 4.48326698939	29 4.8929421107
30 4.53549623489	30 4.95383310318
31 4.58515723546	31 4.98937972387
32 4.63497829437	32 5.04021755854
33 4.63709060351	33 4.90025003751
34 4.68165071805	34 4.88616108894
35 4.71195737521	35 4.93525997798
36 4.74547370275	36 4.966832002
37 4.7689936161	37 4.99971365929
38 4.79102134705	38 5.00621445974
39 4.76015297572	39 4.74968695641
40 4.79159235954	40 4.81041272481
41 4.81278928121	41 4.84219972293
42 4.85297163328	42 4.8793018659
43 4.88511665662	43 4.86641573906
44 4.95236229897	44 4.91535393397
45 4.96816492081	45 4.93961071968
46 5.02565391858	46 4.95840239525
47 5.0356713136	47 4.99161338806
48 5.06979695956	48 5.03271532059
49 5.05325333277	49 4.85305627187
50 4.96282307307	50 4.81664737066
51 4.9406979084	51 4.76444570223
52 4.93491069476	52 4.78323062261
53 4.92744088173	53 4.78754973412
54 4.92540637652	54 4.78639674187
55 4.90770594279	55 4.77682367961
56 4.90413061778	56 4.78402336438
57 4.88920696576	57 4.76896762848
58 4.88625001907	58 4.72460802396
59 4.85681668917	59 4.73069604238
60 4.84712362289	60 4.71695137024
61 4.85096335411	61 4.75092260043
62 4.83810766538	62 4.7099609375
63 4.7877582709	63 4.68792096774
64 4.78851167361	64 4.6817398866
65 4.76769439379	65 4.69553375244
66 4.67819770177	66 4.2492117087
67 4.69562228521	67 4.28769159317
68 4.74345064163	68 4.36001992226
69 4.7945283254	69 4.34454568227
70 4.81087605158	70 4.35539571444
71 4.84597031275	71 4.38970669111
72 4.89070709546	72 4.44276531537
73 4.9275077184	73 4.45531201363
74 4.9977637132	74 4.4770163695
75 5.01860642433	75 4.50476535161
76 5.03865663211	76 4.54101443291
77 5.07245262464	77 4.54225301743
78 5.10150980949	78 4.57738836606
79 5.12424659729	79 4.63785068194
80 5.20184103648	80 4.63350335757
81 5.22861059507	81 4.68449370066
82 5.27152434985	82 4.68822304408
83 5.33308092753	83 4.70865337054
84 5.37662371	84 4.75204626719
85 5.44022671382	85 4.81373238564
86 5.48325435321	86 4.84208393097
87 5.53079112371	87 4.85953720411
88 5.58443633715	88 4.89051731428
89 5.59080298742	89 4.92242773374
90 5.61057734489	90 4.94477367401
91 5.65496198336	91 4.98975841204
92 5.69291869799	92 4.98142902056
93 5.7355363369	93 5.03030665716
94 5.74923825264	94 5.08186435699
95 5.80846977234	95 5.07148226102
96 5.86232304573	96 5.1335097154
97 5.89609869321	97 5.14366292953
98 5.94469364484	98 5.15321946144
99 5.92336336772	99 5.08448425929
