1 36.3385649522
2 37.8044553598
3 41.2813618978
4 45.7729356289
5 48.5511733691
6 52.6058189074
7 54.2927773794
8 58.3867782752
9 59.4434790611
10 60.0769566695
11 63.8088603814
12 67.345568339
13 71.0219780604
14 40.5175193946
15 9.96999327342
16 10.2611149947
17 10.5464076996
18 10.8370733261
19 11.2021596432
20 9.27681962649
21 7.27267829577
22 5.4530266126
23 5.01990803083
24 4.23026601473
25 4.28368544579
26 4.36265563965
27 4.42511693637
28 4.80185834567
29 4.8929421107
30 4.95383310318
31 4.98937972387
32 5.04021755854
33 4.90025003751
34 4.88616108894
35 4.93525997798
36 4.966832002
37 4.99971365929
38 5.00621445974
39 4.74968695641
40 4.81041272481
41 4.84219972293
42 4.8793018659
43 4.86641573906
44 4.91535393397
45 4.93961071968
46 4.95840239525
47 4.99161338806
48 5.03271532059
49 4.85305627187
50 4.81664737066
51 4.76444570223
52 4.78323062261
53 4.78754973412
54 4.78639674187
55 4.77682367961
56 4.78402336438
57 4.76896762848
58 4.72460802396
59 4.73069604238
60 4.71695137024
61 4.75092260043
62 4.7099609375
63 4.68792096774
64 4.6817398866
65 4.69553375244
66 4.2492117087
67 4.28769159317
68 4.36001992226
69 4.34454568227
70 4.35539571444
71 4.38970669111
72 4.44276531537
73 4.45531201363
74 4.4770163695
75 4.50476535161
76 4.54101443291
77 4.54225301743
78 4.57738836606
79 4.63785068194
80 4.63350335757
81 4.68449370066
82 4.68822304408
83 4.70865337054
84 4.75204626719
85 4.81373238564
86 4.84208393097
87 4.85953720411
88 4.89051731428
89 4.92242773374
90 4.94477367401
91 4.98975841204
92 4.98142902056
93 5.03030665716
94 5.08186435699
95 5.07148226102
96 5.1335097154
97 5.14366292953
98 5.15321946144
99 5.08448425929
