1 78.3998696804
2 78.1593190034
3 79.7904365857
4 82.9703411261
5 83.0246070226
6 85.1757339636
7 85.7102687359
8 88.8778286775
9 87.5538387299
10 86.648711284
11 89.376248916
12 92.066579024
13 93.8859919707
14 72.5239726702
15 13.0012436708
16 13.1050723394
17 13.3213013013
18 13.261938254
19 13.527338028
20 12.1085050106
21 10.7659905752
22 6.53850062688
23 6.22004564603
24 4.77188936869
25 4.83000540733
26 4.85500065486
27 4.91544739405
28 4.80120197932
29 4.85180830956
30 4.90139396985
31 4.92982459068
32 4.97504933675
33 4.86668133736
34 4.87025594711
35 4.86367599169
36 4.91851504644
37 4.93514100711
38 4.94737799962
39 4.73099001249
40 4.77706162135
41 4.80015095075
42 4.79426805178
43 4.81554039319
44 4.87215868632
45 4.89183735847
46 4.91932233175
47 4.93843507767
48 4.97473899523
49 4.79398393631
50 4.74273403486
51 4.72348761559
52 4.69744261106
53 4.72418173154
54 4.7374159495
55 4.73507730166
56 4.74505734444
57 4.67874797185
58 4.69726165136
59 4.6545941035
60 4.67076166471
61 4.67741457621
62 4.61056375504
63 4.62143667539
64 4.63304726283
65 4.62573369344
66 4.22831392288
67 4.23447028796
68 4.26864329974
69 4.26532332102
70 4.30173476537
71 4.34359431267
72 4.36843665441
73 4.39659698804
74 4.43205030759
75 4.41587972641
76 4.4872036775
77 4.49582195282
78 4.52253230413
79 4.55950339635
80 4.6123770078
81 4.62363934517
82 4.67911163966
83 4.65031599998
84 4.70373821259
85 4.75865197182
86 4.7754556338
87 4.79091127714
88 4.84583131472
89 4.88521091143
90 4.85897596677
91 4.92259470622
92 4.91923300425
93 4.97885004679
94 5.00485102336
95 5.02323571841
96 5.06475893656
97 5.08311629295
98 5.07097363472
99 4.98035534223
