1 34.9980213642
2 36.5979576111
3 40.0916717052
4 44.6968166828
5 47.0976509253
6 51.0031263828
7 53.0061130524
8 56.9856740634
9 57.8619080385
10 59.1422148546
11 62.8939167658
12 66.1740423838
13 69.5888765653
14 39.452300628
15 9.81980601947
16 10.1219320297
17 10.3594040076
18 10.6940494378
19 11.027678887
20 9.09549768766
21 7.16989930471
22 5.38450598717
23 4.94868270556
24 4.1995490392
25 4.24332968394
26 4.3077147007
27 4.3912970225
28 4.39898769061
29 4.48326698939
30 4.53549623489
31 4.58515723546
32 4.63497829437
33 4.63709060351
34 4.68165071805
35 4.71195737521
36 4.74547370275
37 4.7689936161
38 4.79102134705
39 4.76015297572
40 4.79159235954
41 4.81278928121
42 4.85297163328
43 4.88511665662
44 4.95236229897
45 4.96816492081
46 5.02565391858
47 5.0356713136
48 5.06979695956
49 5.05325333277
50 4.96282307307
51 4.9406979084
52 4.93491069476
53 4.92744088173
54 4.92540637652
55 4.90770594279
56 4.90413061778
57 4.88920696576
58 4.88625001907
59 4.85681668917
60 4.84712362289
61 4.85096335411
62 4.83810766538
63 4.7877582709
64 4.78851167361
65 4.76769439379
66 4.67819770177
67 4.69562228521
68 4.74345064163
69 4.7945283254
70 4.81087605158
71 4.84597031275
72 4.89070709546
73 4.9275077184
74 4.9977637132
75 5.01860642433
76 5.03865663211
77 5.07245262464
78 5.10150980949
79 5.12424659729
80 5.20184103648
81 5.22861059507
82 5.27152434985
83 5.33308092753
84 5.37662371
85 5.44022671382
86 5.48325435321
87 5.53079112371
88 5.58443633715
89 5.59080298742
90 5.61057734489
91 5.65496198336
92 5.69291869799
93 5.7355363369
94 5.74923825264
95 5.80846977234
96 5.86232304573
97 5.89609869321
98 5.94469364484
99 5.92336336772
