1 78.3998696804	1 36.3385649522
2 78.1593190034	2 37.8044553598
3 79.7904365857	3 41.2813618978
4 82.9703411261	4 45.7729356289
5 83.0246070226	5 48.5511733691
6 85.1757339636	6 52.6058189074
7 85.7102687359	7 54.2927773794
8 88.8778286775	8 58.3867782752
9 87.5538387299	9 59.4434790611
10 86.648711284	10 60.0769566695
11 89.376248916	11 63.8088603814
12 92.066579024	12 67.345568339
13 93.8859919707	13 71.0219780604
14 72.5239726702	14 40.5175193946
15 13.0012436708	15 9.96999327342
16 13.1050723394	16 10.2611149947
17 13.3213013013	17 10.5464076996
18 13.261938254	18 10.8370733261
19 13.527338028	19 11.2021596432
20 12.1085050106	20 9.27681962649
21 10.7659905752	21 7.27267829577
22 6.53850062688	22 5.4530266126
23 6.22004564603	23 5.01990803083
24 4.77188936869	24 4.23026601473
25 4.83000540733	25 4.28368544579
26 4.85500065486	26 4.36265563965
27 4.91544739405	27 4.42511693637
28 4.80120197932	28 4.80185834567
29 4.85180830956	29 4.8929421107
30 4.90139396985	30 4.95383310318
31 4.92982459068	31 4.98937972387
32 4.97504933675	32 5.04021755854
33 4.86668133736	33 4.90025003751
34 4.87025594711	34 4.88616108894
35 4.86367599169	35 4.93525997798
36 4.91851504644	36 4.966832002
37 4.93514100711	37 4.99971365929
38 4.94737799962	38 5.00621445974
39 4.73099001249	39 4.74968695641
40 4.77706162135	40 4.81041272481
41 4.80015095075	41 4.84219972293
42 4.79426805178	42 4.8793018659
43 4.81554039319	43 4.86641573906
44 4.87215868632	44 4.91535393397
45 4.89183735847	45 4.93961071968
46 4.91932233175	46 4.95840239525
47 4.93843507767	47 4.99161338806
48 4.97473899523	48 5.03271532059
49 4.79398393631	49 4.85305627187
50 4.74273403486	50 4.81664737066
51 4.72348761559	51 4.76444570223
52 4.69744261106	52 4.78323062261
53 4.72418173154	53 4.78754973412
54 4.7374159495	54 4.78639674187
55 4.73507730166	55 4.77682367961
56 4.74505734444	56 4.78402336438
57 4.67874797185	57 4.76896762848
58 4.69726165136	58 4.72460802396
59 4.6545941035	59 4.73069604238
60 4.67076166471	60 4.71695137024
61 4.67741457621	61 4.75092260043
62 4.61056375504	62 4.7099609375
63 4.62143667539	63 4.68792096774
64 4.63304726283	64 4.6817398866
65 4.62573369344	65 4.69553375244
66 4.22831392288	66 4.2492117087
67 4.23447028796	67 4.28769159317
68 4.26864329974	68 4.36001992226
69 4.26532332102	69 4.34454568227
70 4.30173476537	70 4.35539571444
71 4.34359431267	71 4.38970669111
72 4.36843665441	72 4.44276531537
73 4.39659698804	73 4.45531201363
74 4.43205030759	74 4.4770163695
75 4.41587972641	75 4.50476535161
76 4.4872036775	76 4.54101443291
77 4.49582195282	77 4.54225301743
78 4.52253230413	78 4.57738836606
79 4.55950339635	79 4.63785068194
80 4.6123770078	80 4.63350335757
81 4.62363934517	81 4.68449370066
82 4.67911163966	82 4.68822304408
83 4.65031599998	83 4.70865337054
84 4.70373821259	84 4.75204626719
85 4.75865197182	85 4.81373238564
86 4.7754556338	86 4.84208393097
87 4.79091127714	87 4.85953720411
88 4.84583131472	88 4.89051731428
89 4.88521091143	89 4.92242773374
90 4.85897596677	90 4.94477367401
91 4.92259470622	91 4.98975841204
92 4.91923300425	92 4.98142902056
93 4.97885004679	93 5.03030665716
94 5.00485102336	94 5.08186435699
95 5.02323571841	95 5.07148226102
96 5.06475893656	96 5.1335097154
97 5.08311629295	97 5.14366292953
98 5.07097363472	98 5.15321946144
99 4.98035534223	99 5.08448425929
