1 0.0369965791702
11 0.112361121178
21 0.189523720741
31 0.265329885483
41 0.351193237305
51 0.424329686165
61 0.503403902054
71 0.585793471336
81 0.666300058365
91 0.747553253174
101 0.819383978844
111 0.89609503746
121 0.983248543739
131 1.06522829533
141 1.14252686501
151 1.2261744976
161 1.31466271877
171 1.39959833622
181 1.48349328041
191 1.55498168468
201 1.65346956253
211 1.72339303493
221 1.80947418213
231 1.8966868639
241 1.98488123417
251 2.05820538998
261 2.14141397476
271 2.22942459583
281 2.32271511555
291 2.40576608181
301 2.49714803696
311 2.57033128738
321 2.6774387598
331 2.74941821098
341 2.84262607098
351 2.91811845303
361 3.00298368931
371 3.0906529665
381 3.17279081345
391 3.25203700066
401 3.33881318569
411 3.41099376678
421 3.5074937582
431 3.5903646946
441 3.68174929619
451 3.74438583851
461 3.846483922
471 3.93494508266
481 4.00627400875
491 4.09206953049
501 4.17475950718
511 4.27938659191
521 4.35353126526
531 4.44219696522
541 4.53062942028
551 4.62787718773
561 4.72561476231
571 4.80551929474
581 4.88197724819
591 4.95832087994
601 5.0694852829
611 5.12849938869
621 5.22403919697
631 5.31599895954
641 5.41053628922
651 5.50732691288
661 5.5965857029
671 5.67406601906
681 5.75309846401
691 5.82838673592
701 5.92596032619
711 6.0086879015
721 6.10739114285
731 6.21923859119
741 6.27322771549
751 6.38529527187
761 6.47293703556
771 6.53682727814
781 6.65581891537
791 6.71455945969
801 6.80037400723
811 6.91889183521
821 6.9950532198
831 7.08413529396
841 7.18531293869
851 7.27630629539
861 7.3714972496
871 7.46341562271
881 7.52094740868
891 7.63184168339
901 7.72163012028
911 7.8110522747
921 7.91753151417
931 8.02938401699
941 8.07042677402
951 8.17484688759
961 8.30661399364
971 8.36005790234
981 8.45208418369
991 8.55275297165
