1 0.0434678316116
11 0.133412909508
21 0.225492453575
31 0.309032678604
41 0.409567737579
51 0.491759061813
61 0.576551961899
71 0.674240875244
81 0.760449981689
91 0.847740340233
101 0.925866484642
111 1.0078962326
121 1.11241073608
131 1.19523248672
141 1.27863769531
151 1.38438062668
161 1.459243083
171 1.576881814
181 1.64183933735
191 1.7368901968
201 1.83008029461
211 1.92973444462
221 1.98396217823
231 2.09815807343
241 2.16953516006
251 2.26794009209
261 2.37409491539
271 2.44366886616
281 2.56823003292
291 2.63154189587
301 2.74254205227
311 2.81574020386
321 2.89424221516
331 2.9930141449
341 3.10339314938
351 3.14053533077
361 3.24346318245
371 3.29555823803
381 3.42022402287
391 3.5177380085
401 3.58471620083
411 3.68094022274
421 3.78023655415
431 3.84717290401
441 3.97184329033
451 4.026471138
461 4.13950898647
471 4.198691082
481 4.31832141876
491 4.39427080154
501 4.49693470001
511 4.58197011948
521 4.66899077892
531 4.75015947819
541 4.87970290184
551 4.91326961517
561 4.99702990055
571 5.09888746738
581 5.19202225208
591 5.21126952171
601 5.38277974129
611 5.44291319847
621 5.53623290062
631 5.62146866322
641 5.67341489792
651 5.75633661747
661 5.84951598644
671 5.91121139526
681 6.06040956974
691 6.11662962437
701 6.16239850521
711 6.3313498497
721 6.36863942146
731 6.44239268303
741 6.55453286171
751 6.65348696709
761 6.68114285469
771 6.82621030807
781 6.89641880989
791 6.9305552721
801 6.99953858852
811 7.13309621811
821 7.2346757412
831 7.23939731121
841 7.43054213524
851 7.48551328182
861 7.46244459152
871 7.63466565609
881 7.61626465321
891 7.68279607296
901 7.86631381512
911 7.89718620777
921 7.96069710255
931 8.10045251846
941 8.19234333038
951 8.21232898235
961 8.32538030148
971 8.29039082527
981 8.34688997269
991 8.51907470226
