2.5 0.000198364257812 0.180332899094 0.0928029537201
8.0 0.000294129053752 0.26751101017 0.134754856428
14.0 0.000255743662516 0.326487382253 0.0982530911764
19.5 0.000256538391113 0.341889238358 0.086644744873
24.5 0.000265216827393 0.387375926971 0.0473928928375
29.5 0.000340890884399 0.382603216171 0.0394519329071
34.0 0.000401079654694 0.428702414036 0.00031840801239
38.5 0.00035662651062 0.414940929413 0.000313663482666
43.5 0.000416994094849 0.41569814682 0.000303506851196
48.0 0.000347793102264 0.434117615223 0.000312805175781
52.5 0.000363874435425 0.422448682785 0.000289058685303
57.0 0.000356137752533 0.431815445423 0.000312626361847
61.5 0.000302886962891 0.414598655701 0.000296545028687
66.5 0.000294828414917 0.413453388214 0.000297164916992
71.5 0.000353622436523 0.412895059586 0.000292921066284
76.5 0.000322246551514 0.415892028809 0.000285768508911
81.0 0.0017454624176 0.43055254221 0.000295102596283
85.0 0.000438153743744 0.434577584267 0.000283598899841
89.5 0.000390625 0.412695503235 0.000277376174927
94.5 0.00036358833313 0.41817908287 0.000269746780396
99.5 0.000275850296021 0.408336782455 0.000273036956787
104.0 0.000257551670074 0.43680369854 0.000283539295197
108.5 0.000336933135986 0.419739675522 0.000274324417114
113.0 0.000379860401154 0.42929238081 0.000290334224701
117.0 0.000306129455566 0.437380254269 0.000284016132355
121.0 0.000362515449524 0.435981750488 0.000287711620331
125.0 0.000261425971985 0.437896251678 0.000284492969513
129.0 0.000342607498169 0.42898863554 0.000290095806122
133.0 0.000526607036591 0.437649011612 0.000289082527161
137.0 0.000451624393463 0.43560552597 0.000284433364868
141.5 0.000339603424072 0.41804523468 0.000275707244873
146.0 0.000335097312927 0.434910178185 0.000281393527985
150.5 0.000310277938843 0.411667013168 0.000270318984985
155.5 0.000287389755249 0.40929069519 0.000267601013184
160.0 0.000323474407196 0.433193743229 0.000286877155304
164.0 0.000375986099243 0.434395253658 0.00028258562088
168.0 0.000414073467255 0.432915866375 0.000284433364868
172.5 0.000313949584961 0.418871498108 0.000271892547607
177.0 0.000393867492676 0.430916726589 0.000280976295471
181.0 0.000419080257416 0.43475496769 0.000282824039459
185.0 0.000267207622528 0.434233307838 0.000282108783722
189.5 0.000256633758545 0.417384290695 0.00027904510498
194.5 0.000370311737061 0.420564222336 0.000274896621704
199.5 0.000469923019409 0.416340637207 0.000290441513062
204.0 0.000391900539398 0.439996898174 0.000295162200928
208.0 0.000433743000031 0.441814899445 0.000299215316772
212.5 0.0003098487854 0.487604475021 0.000281429290771
217.0 0.0006303191185 0.475297808647 0.000300824642181
221.0 0.000459790229797 0.44917345047 0.000307500362396
225.0 0.00039130449295 0.451607406139 0.000292181968689
229.0 0.000275909900665 0.443854808807 0.000300228595734
233.0 0.000315070152283 0.495716691017 0.000307619571686
237.0 0.000389873981476 0.486922740936 0.000292837619781
241.0 0.000397682189941 0.485219419003 0.000298500061035
245.0 0.000426411628723 0.473201155663 0.000299036502838
249.0 0.000398397445679 0.496797502041 0.000305831432343
253.0 0.000383198261261 0.46874320507 0.000302493572235
257.0 0.000388920307159 0.461508929729 0.000280439853668
261.0 0.000389039516449 0.504287958145 0.000291168689728
265.0 0.000372350215912 0.532555878162 0.000287652015686
269.0 0.000369369983673 0.47523778677 0.00029069185257
273.0 0.000374317169189 0.531225919724 0.000289559364319
277.0 0.000344038009644 0.479292154312 0.000279605388641
281.0 0.0181798934937 0.46661221981 0.000292837619781
285.0 0.0439522266388 0.4655777812 0.000290155410767
289.0 0.0484780073166 0.459563791752 0.000282287597656
293.5 0.0850533008575 0.370040512085 0.000267314910889
297.5 0.0957821210225 0.450095176697 0.000287055969238
301.5 0.121516990662 0.406671905518 0.000263500213623
306.5 0.142138147354 0.329133892059 0.000259399414062
312.0 0.167650938034 0.302305380503 0.000257571538289
317.5 0.186873579025 0.283949518204 0.000261116027832
324.5 0.206888808144 0.208883921305 0.000242842568292
334.5 0.252804127606 0.147170630368 0.000237920067527
347.0 0.302551286561 0.0832516465868 0.000235370227269
356.5 0.398879528046 0.052636384964 0.000294303894043
361.5 0.428839635849 0.0284378051758 0.000318479537964
366.0 0.469926595688 0.000254333019257 0.000322222709656
370.5 0.450931835175 0.000261306762695 0.000335550308228
375.5 0.446453285217 0.000298976898193 0.000316190719604
380.5 0.436207342148 0.000280618667603 0.000330257415771
385.5 0.430109453201 0.000281476974487 0.000316286087036
390.0 0.448146224022 0.000300049781799 0.000338792800903
394.0 0.442034482956 0.000296115875244 0.000287890434265
397.5 0.460290431976 0.000364065170288 0.00029993057251
