2.5 0.000220108032227 0.182104873657 0.0933950424194
9.0 0.118604183197 0.136581301689 0.125241190195
17.5 0.165875673294 0.129406796561 0.0847219361199
25.5 0.140835864203 0.14614037105 0.13109592029
34.0 0.125926589966 0.13770210743 0.121652770042
44.0 0.126041865349 0.104207253456 0.149581170082
53.0 0.128831297159 0.125356644392 0.124603033066
62.0 0.133014464378 0.125408744812 0.125269579887
72.0 0.109709835052 0.145585775375 0.125529432297
81.0 0.129592955112 0.130573868752 0.131571382284
89.5 0.126680241691 0.127730104658 0.130481031206
99.5 0.133457205512 0.128180092031 0.117670622739
109.0 0.174166560173 0.135482281446 0.0790685117245
116.5 0.144543988364 0.143870728356 0.118700027466
125.0 0.132540392876 0.143304920197 0.120068049431
134.5 0.12880982293 0.0999772018856 0.156275060442
143.0 0.131946265697 0.126756280661 0.127258718014
152.0 0.129507446289 0.123902726173 0.124925065041
162.0 0.10719139576 0.145339655876 0.126072049141
170.5 0.130162341254 0.134740591049 0.135777132852
178.5 0.122417052587 0.125319136514 0.130025757684
188.5 0.127645752647 0.125108350407 0.118008982052
198.5 0.169632699755 0.130844963921 0.0797957844204
207.0 0.135174781084 0.139287024736 0.118809878826
216.0 0.128165340424 0.135707092285 0.122222709656
225.5 0.126555071937 0.0947815577189 0.162814325756
233.5 0.139553921563 0.13077041081 0.129268407822
242.5 0.134252721613 0.129030336033 0.125064134598
253.0 0.104313850403 0.156633996964 0.126202607155
261.5 0.131185054779 0.13466320719 0.134300368173
270.0 0.129102897644 0.135208296776 0.130160236359
280.5 0.137819095091 0.13076376915 0.111695051193
289.5 0.182719639369 0.140607186726 0.0802143301283
296.5 0.138328858784 0.144302947181 0.122451611928
306.0 0.12479788065 0.127465506395 0.123253603776
316.0 0.130031466484 0.0911014676094 0.171381443739
324.0 0.137785106897 0.122457295656 0.129235833883
333.0 0.130798268318 0.121877384186 0.125465536118
343.5 0.0995916670019 0.142808524045 0.124353365465
353.0 0.122216522694 0.134111583233 0.133203417063
362.0 0.121089982986 0.121542286873 0.130439090729
372.0 0.142925906181 0.123450422287 0.107432317734
381.0 0.133375763893 0.148666679859 0.129164367914
390.0 0.123953914642 0.133184409142 0.1217908144
