5000 34.4594130516 31.4607920647 30.4732069969
6000 33.4877820015 34.448143959 33.5143198967
7000 39.5065279007 39.4688968658 40.4722709656
8000 43.4737179279 43.5581908226 43.6300210953
9000 53.9117820263 50.5273449421 52.4511311054
10000 53.4646649361 58.5445141792 63.5273649693
11000 62.5262110233 66.5227880478 64.5572211742
12000 64.5455029011 63.5429551601 65.5100572109
13000 68.53039217 73.5626821518 68.549726963
14000 70.5430650711 75.6022388935 68.5590240955
15000 76.5949099064 73.5367929935 73.5393631458
16000 82.5783178806 84.6070218086 91.5773670673
17000 91.5737822056 96.5969350338 92.7038650513
18000 98.6441698074 96.6009509563 89.5730550289
19000 102.634485006 99.5864470005 95.6460490227
20000 100.604066849 126.719990015 102.672016144
21000 113.620511055 124.599315882 124.629219055
22000 110.595020056 121.614670038 113.631548166
23000 117.628712893 119.656537056 128.742251873
24000 133.665678978 123.630280972 148.665294886
25000 147.753806114 147.837951899 146.838895082
26000 155.69064188 139.720133066 169.715267181
27000 143.071497917 160.730426073 161.385114908
28000 141.710097075 175.609637022 171.79659605
29000 170.719704866 191.761321068 189.790666819
