5000 102.695871115 107.243849039 111.732126236
6000 115.442557096 111.420768023 112.225580931
7000 120.275017977 122.954688072 120.855772972
8000 134.226042032 134.55546999 130.992986202
9000 168.095864058 151.617656946 157.353914976
10000 183.619045019 175.969532967 160.52740097
11000 172.00357604 168.750247955 205.86146903
12000 190.136723995 196.606661081 198.955000162
13000 209.808018923 205.941678047 210.749876022
14000 217.684717894 217.657816887 217.051644087
15000 243.39921689 228.640567064 237.087605953
16000 310.600727081 336.055822849 275.531701088
17000 277.205467939 289.704303026 266.073758841
18000 304.756576061 314.5514009 330.593177795
19000 303.476767063 288.312615871 329.120454073
20000 321.194902897 338.904273987 331.487878084
21000 335.848731995 340.775434971 342.598091841
22000 371.049196005 338.384214878 331.422207832
23000 371.430547953 365.973088026 368.522454977
24000 375.869647026 340.855777979 398.241880894
25000 374.258087873 423.801176071 374.586101055
26000 393.735162973 388.167378902 408.29076004
27000 442.523834944 440.859385014 419.44006896
28000 479.117385864 448.958978891 449.737302065
29000 459.473080873 470.553967953 447.952148914
