5000 218.341068029 216.212660074 203.043926954
6000 228.164988995 240.031370878 245.418283939
7000 242.678237915 237.08642602 256.299677134
8000 269.475946903 271.335959911 279.749504089
9000 317.391763926 319.570595026 327.26787281
10000 363.669466972 346.766951084 378.399319887
11000 418.942600965 351.455626011 382.85464716
12000 416.027841091 473.278229952 468.135915041
13000 449.811432123 447.030043125 499.784992933
14000 426.773957014 436.791079044 456.843092203
15000 471.596997023 490.20233202 469.973987103
16000 568.360106945 570.828665018 592.151080132
17000 609.02011919 636.027021885 558.649226904
18000 591.986929178 570.548024893 636.018925905
19000 724.873071909 633.345487118 670.312558889
20000 696.164077044 731.268852949 738.524857998
21000 708.669167042 901.074270964 796.767655134
22000 837.204790115 810.063322783 804.391721964
23000 877.223140955 883.115068913 912.659464836
24000 987.032071114 950.803104877 809.835482836
25000 972.32427001 873.315254927 987.653218985
26000 1035.62710595 1057.3292861 908.812786818
27000 1126.41887593 1090.99641705 1033.9324801
28000 1006.83631587 1134.34893298 990.460991144
29000 1029.56464005 965.422312975 1228.69492888
