5000 22.2201480865 17.0561318398 13.5076010227
6000 13.4857251644 13.4715950489 20.550041914
7000 16.4697830677 15.4974398613 16.4930779934
8000 16.4887831211 26.73310709 16.4469017982
9000 18.4488711357 18.5473411083 19.4462409019
10000 19.5175302029 20.5533599854 20.5331959724
11000 21.5333490372 20.5401849747 20.5193390846
12000 22.4718999863 21.5305941105 22.5029790401
13000 23.5173139572 22.479818821 22.4744920731
14000 24.5449099541 24.5228471756 24.5222129822
15000 26.5563490391 26.6209299564 25.5407831669
16000 28.5111989975 28.4782249928 28.4577240944
17000 29.8100838661 28.5639929771 29.4549248219
18000 30.6574878693 31.4998011589 30.4345400333
19000 32.8209748268 32.8542709351 33.4620950222
20000 35.580726862 35.5575320721 34.7901921272
21000 35.5810959339 36.4791989326 35.5518209934
22000 37.4578101635 37.4913098812 37.5916750431
23000 40.902037859 40.8046050072 38.5237767696
24000 40.6817550659 39.6165440083 39.6099259853
25000 41.7899069786 41.757338047 45.7717058659
26000 48.5678489208 47.9609799385 44.8357579708
27000 47.0299091339 46.6856648922 46.6797540188
28000 47.586714983 46.5418570042 46.6314740181
29000 48.7777400017 49.799695015 45.5380129814
