3 2065.55057192 2106.66153097 2060.32605696
4 1571.38654804 1584.24099612 1541.85230803
5 1328.71150899 1324.6962831 1330.12855601
6 1196.03027797 1176.08151293 1171.57790208
7 1066.73643398 1063.84630418 1051.88459206
8 938.543613911 896.526536942 938.319551945
9 804.971308947 825.758994818 823.592407942
10 724.556020021 702.909558058 707.98572278
11 652.542535067 715.642948866 665.939933062
12 661.910281897 660.609669924 650.465514898
13 641.672753096 628.31748414 643.891709089
14 607.7389431 609.387393951 603.338206053
15 550.664175987 546.948400021 551.858085155
16 499.901604891 531.86310792 505.888711929
17 481.812021971 487.174235106 535.432266951
18 514.505225897 485.970355034 471.389649868
19 463.912137032 446.220653057 445.303132057
20 585.340610981 504.351191998 430.4313941
21 415.15883112 418.940163136 414.140968084
22 433.408858061 452.65240097 402.858666897
23 493.704683065 510.783208132 502.247362137
24 404.829730988 411.036066055 392.949627876
25 360.64490509 362.724755049 397.624545097
26 395.104635954 392.797114849 354.422852039
27 415.383952141 498.844250917 540.211887836
28 451.76489687 446.811604023 461.132509947
29 410.061361074 448.258038044 442.754074812
30 357.71787405 335.118900776 333.155451059
31 354.120200157 412.825281143 412.123919964
32 461.571337938 454.244483232 457.274065018
33 445.594099998 469.389147997 363.542243004
34 541.019289017 467.399881124 413.021318913
35 504.647050858 447.936398983 509.98646903
36 433.837987185 466.232741833 440.111504078
37 432.017230988 376.286370993 363.180318117
38 351.21725893 348.609113216 353.288779974
39 373.832436085 379.789690018 375.467037916
40 386.761991024 369.891330004 359.447088003
41 367.534579992 386.925626993 384.62681222
42 428.960325956 453.192011118 409.949900866
43 500.127605915 460.878421068 441.614582062
44 481.777785063 520.298825979 533.261512995
45 571.883930922 590.947868109 563.585054874
46 554.468532085 547.386512995 515.662167072
47 558.503210068 526.180685997 557.399966955
48 428.449804068 449.556237936 413.312390089
49 413.848536968 394.904416084 405.24755311
