3 2235.98525786 2241.42061186 2239.67296195
4 1782.18455887 1800.66092014 1796.343894
5 1528.93880296 1533.69088888 1531.458179
6 1347.07484007 1400.34278607 1358.05674505
7 1217.38951993 1224.75188208 1224.06127
8 1127.93082905 1118.38119292 1121.95066381
9 1044.40165997 1044.90843916 1044.70410013
10 972.478423834 978.36395812 980.011813164
11 953.171442986 962.681335211 958.002044916
12 890.266263962 897.619251966 881.590488911
13 898.308667183 919.957244873 894.709556103
14 880.075351954 918.575129986 873.080352068
15 823.534873962 818.33447504 822.653439999
16 783.83154583 797.901921034 790.65171504
17 844.721904039 849.948559046 788.453416824
18 793.828963995 792.450037003 783.425228119
19 1019.10114312 954.266947985 926.440397978
20 730.99761796 733.40286994 771.666358948
21 711.567430973 719.261476994 722.87690711
22 827.496927977 819.792718887 752.737488031
23 819.655396223 811.851325989 696.378617048
24 811.515040159 829.748548985 822.623125076
25 644.116644859 664.48943305 647.902778864
26 660.260432959 671.761432886 673.970871925
27 731.901946068 699.967737913 679.328577042
28 772.239542961 767.50296402 766.367325068
29 827.918077946 779.621546984 790.543331146
30 618.497306108 618.995031118 619.600656033
31 618.316702843 618.791949034 614.689287901
32 641.600099802 631.657710075 638.723675966
33 1082.70427084 997.808056831 780.564347029
34 752.240505934 784.642968893 756.460554838
35 859.94204998 934.661706924 708.610443115
36 687.981174946 677.111431837 695.405463934
37 839.875807047 775.421059132 795.388407946
38 587.735980034 584.99642992 583.80658102
39 592.995794058 595.538363934 589.576745033
40 582.203334093 572.52503705 582.944280863
41 575.389398098 600.894745827 576.240563869
42 740.132120848 759.151836157 690.578798056
43 1167.24468994 997.345279932 859.175218105
44 804.965612888 749.376142979 696.427149057
45 894.825032949 1009.91834998 1033.5712769
46 636.853390932 639.539700985 655.667721033
47 935.723767042 1324.06477284 1459.582232
48 1136.40104604 802.571983099 741.184875011
49 807.181529045 857.782059193 806.392597198
